Moist RCE: Slab Land + Gray Atmosphere + Bucket Hydrology
Grid: C16/L20, dt=600.0s, 300 days
Physics: gray radiation (moisture-coupled) + SBM convection (operator-split)
Land: d_soil=1.0m, C_land=2e+06 J/m2/K
Moisture: RH_init=0.6, BL tau=1 day
Bucket: W_max=150.0 kg/m2, beta_min=0.1

   Day    <T_land>     <T_atm>     <T_low>    <Precip>         <W>       <CWV>      max|v|
     5     307.146     263.575     301.305       2.468        96.8        78.3      13.043
    10     307.999     264.418     301.825       2.448        92.9        82.2      25.611
    15     308.695     265.020     302.201       2.449        89.5        85.6      37.266
    20     309.242     265.422     302.440       2.493        86.9        88.1      49.054
    25     309.624     265.635     302.557       2.554        85.1        89.9      59.143
    30     309.828     265.650     302.553       2.671        84.2        90.8      71.476
    35     309.816     265.450     302.419       2.848        84.2        90.7      82.214
    40     309.585     265.048     302.161       3.031        85.1        89.6      90.625
    45     309.183     264.501     301.813       3.184        86.6        87.9      97.318
    50     308.678     263.867     301.412       3.298        88.6        85.8     102.278
    55     308.125     263.196     300.988       3.380        90.7        83.6     106.904
    60     307.561     262.516     300.559       3.444        92.8        81.3     111.176
    65     307.001     261.843     300.133       3.495        94.9        79.1     114.467
    70     306.457     261.187     299.717       3.534        97.0        76.9     116.983
    75     305.940     260.557     299.318       3.562        98.9        74.9     118.693
    80     305.453     259.960     298.939       3.583       100.7        73.0     119.729
    85     304.996     259.394     298.579       3.601       102.4        71.2     120.049
    90     304.569     258.861     298.240       3.615       104.0        69.5     119.786
    95     304.170     258.359     297.920       3.627       105.5        67.9     119.228
   100     303.797     257.887     297.618       3.638       106.8        66.5     118.633
   105     303.448     257.441     297.334       3.647       108.1        65.1     118.207
   110     303.121     257.020     297.064       3.655       109.3        63.9     118.318
   115     302.813     256.622     296.808       3.661       110.4        62.7     118.729
   120     302.525     256.246     296.566       3.664       111.4        61.6     119.229
   125     302.257     255.893     296.338       3.664       112.4        60.5     119.805
   130     302.008     255.565     296.125       3.662       113.3        59.6     120.396
   135     301.779     255.260     295.927       3.659       114.1        58.7     120.973
   140     301.569     254.978     295.743       3.655       114.8        58.0     121.537
   145     301.375     254.717     295.573       3.652       115.4        57.2     122.093
   150     301.197     254.476     295.416       3.648       116.0        56.6     122.629
   155     301.033     254.253     295.270       3.645       116.6        56.0     123.133
   160     300.883     254.047     295.135       3.641       117.1        55.4     123.602
   165     300.745     253.858     295.011       3.637       117.5        54.9     124.037
   170     300.619     253.683     294.896       3.634       118.0        54.5     124.440
   175     300.502     253.522     294.791       3.631       118.3        54.1     124.814
   180     300.395     253.373     294.693       3.628       118.7        53.7     125.160
   185     300.297     253.236     294.603       3.625       119.0        53.3     125.482
   190     300.207     253.110     294.520       3.622       119.3        53.0     125.780
   195     300.124     252.994     294.444       3.619       119.6        52.7     126.056
   200     300.048     252.888     294.374       3.617       119.8        52.4     126.310
   205     299.978     252.789     294.309       3.614       120.0        52.2     126.545
   210     299.913     252.699     294.249       3.612       120.2        52.0     126.762
   215     299.854     252.616     294.194       3.610       120.4        51.8     126.961
   220     299.800     252.539     294.144       3.608       120.6        51.6     127.142
   225     299.750     252.469     294.097       3.607       120.7        51.4     127.308
   230     299.704     252.404     294.054       3.605       120.9        51.2     127.459
   235     299.662     252.344     294.015       3.603       121.0        51.1     127.598
   240     299.623     252.289     293.978       3.602       121.1        51.0     127.726
   245     299.587     252.238     293.945       3.601       121.2        50.8     127.843
   250     299.554     252.192     293.914       3.600       121.4        50.7     127.950
   255     299.524     252.149     293.885       3.599       121.4        50.6     128.048
   260     299.496     252.109     293.859       3.598       121.5        50.5     128.137
   265     299.470     252.072     293.835       3.597       121.6        50.4     128.219
   270     299.446     252.039     293.812       3.596       121.7        50.3     128.294
   275     299.424     252.007     293.792       3.595       121.8        50.3     128.362
   280     299.404     251.979     293.773       3.594       121.8        50.2     128.426
   285     299.385     251.952     293.755       3.594       121.9        50.1     128.484
   290     299.368     251.928     293.739       3.593       121.9        50.1     128.537
   295     299.352     251.905     293.724       3.593       122.0        50.0     128.586
   300     299.338     251.884     293.710       3.592       122.0        50.0     128.630

Total wall time: 101.9s
Final <T_land>: 299.338 K
Final <T_atm>: 251.884 K
Final <Precip>: 3.59 mm/day
Final <W_bucket>: 122.0 kg/m2
Final <CWV>: 50.0 kg/m2
