Moist RCE: Slab Ocean + Gray Atmosphere + SBM Convection
Grid: C16/L20, dt=600.0s, 300 days
Physics: gray radiation (moisture-coupled) + SBM convection (operator-split)
Ocean: h_mix=50.0m, C_mix=2e+08 J/m2/K
Moisture: RH_init=0.6, BL: bulk aero C_H=C_E=0.0015
Friction: k_free=0.1/day, k_BL_max=1.0/day

   Day       <SST>     <T_atm>     <T_low>    <Precip>       <CWV>      max|v|
     5     300.290     262.924     300.292       2.454        77.0       6.915
    10     300.530     261.487     299.524       2.510        71.6      12.025
    15     300.720     260.589     299.052       2.606        68.5      15.071
    20     300.875     260.092     298.797       2.685        66.9      17.121
    25     301.007     259.855     298.681       2.745        66.1      18.451
    30     301.124     259.779     298.650       2.795        65.9      19.422
    35     301.231     259.804     298.674       2.843        66.0      20.255
    40     301.331     259.895     298.732       2.893        66.3      21.056
    45     301.425     260.031     298.815       2.945        66.9      21.863
    50     301.514     260.197     298.913       3.000        67.5      22.682
    55     301.598     260.383     299.021       3.058        68.2      23.516
    60     301.678     260.582     299.137       3.117        69.0      24.366
    65     301.755     260.790     299.256       3.179        69.8      25.229
    70     301.828     261.002     299.378       3.241        70.6      26.100
    75     301.898     261.216     299.499       3.305        71.5      26.979
    80     301.965     261.430     299.621       3.369        72.3      27.861
    85     302.028     261.641     299.740       3.434        73.2      28.744
    90     302.089     261.849     299.858       3.500        74.1      29.625
    95     302.147     262.053     299.972       3.565        74.9      30.503
   100     302.202     262.252     300.084       3.631        75.8      31.374
   105     302.254     262.445     300.192       3.697        76.7      32.238
   110     302.303     262.633     300.297       3.762        77.5      33.183
   115     302.350     262.814     300.398       3.828        78.3      34.359
   120     302.394     262.989     300.495       3.892        79.1      35.537
   125     302.435     263.157     300.588       3.957        79.9      36.712
   130     302.474     263.318     300.677       4.020        80.7      37.879
   135     302.510     263.472     300.762       4.083        81.5      39.035
   140     302.544     263.619     300.843       4.144        82.2      40.176
   145     302.575     263.759     300.921       4.205        82.9      41.299
   150     302.605     263.893     300.994       4.265        83.6      42.469
   155     302.632     264.019     301.063       4.323        84.3      43.624
   160     302.656     264.139     301.128       4.380        84.9      44.755
   165     302.679     264.252     301.189       4.435        85.5      45.860
   170     302.699     264.358     301.247       4.489        86.1      46.933
   175     302.718     264.458     301.301       4.541        86.7      47.973
   180     302.735     264.552     301.351       4.592        87.2      48.979
   185     302.749     264.639     301.398       4.640        87.7      49.964
   190     302.763     264.721     301.441       4.686        88.2      51.041
   195     302.774     264.795     301.479       4.727        88.6      52.123
   200     302.785     264.860     301.513       4.765        89.0      53.077
   205     302.795     264.919     301.543       4.800        89.4      53.927
   210     302.803     264.971     301.569       4.834        89.7      54.703
   215     302.811     265.019     301.592       4.867        90.0      55.447
   220     302.817     265.062     301.613       4.898        90.3      56.202
   225     302.822     265.101     301.632       4.929        90.6      56.947
   230     302.825     265.137     301.649       4.959        90.8      57.669
   235     302.828     265.170     301.664       4.987        91.1      58.373
   240     302.829     265.200     301.677       5.015        91.3      59.057
   245     302.830     265.227     301.689       5.042        91.5      59.719
   250     302.829     265.252     301.700       5.068        91.7      60.360
   255     302.827     265.273     301.709       5.094        91.9      60.976
   260     302.825     265.292     301.716       5.118        92.0      61.569
   265     302.821     265.309     301.722       5.142        92.2      62.141
   270     302.817     265.324     301.727       5.164        92.3      62.690
   275     302.811     265.336     301.731       5.186        92.5      63.215
   280     302.805     265.346     301.734       5.206        92.6      63.718
   285     302.798     265.354     301.735       5.226        92.7      64.200
   290     302.790     265.361     301.736       5.244        92.8      64.661
   295     302.782     265.365     301.735       5.262        92.9      65.102
   300     302.773     265.368     301.734       5.280        92.9      65.523

Total wall time: 104.7s
Final <SST>: 302.773 K
Final <T_atm>: 265.368 K
Final <Precip>: 5.28 mm/day
Final <CWV>: 92.9 kg/m2
